  Lead\nSmelter Fireworks Copper\nSmelter Summer\nSecondary Zinc\nSmelter  Soil Steel\nMill Winter\nSecondary Mobile
Na        0.002     0.007          0.018            0.433        0.025 0.012      0.006            0.192  0.305
Mg        0.037     0.054          0.041            0.265        0.095 0.109      0.011            0.199  0.189
Al        0.023     0.103          0.011            0.062        0.014 0.674      0.025            0.078  0.011
Si        0.024     0.003          0.003            0.016        0.007 0.729      0.062            0.011  0.146
Ph        0.002     0.000          0.941            0.007        0.031 0.001      0.001            0.016  0.002
S         0.002     0.023          0.002            0.866        0.003 0.027      0.015            0.039  0.023
Cl        0.191     0.087          0.017            0.000        0.449 0.000      0.012            0.238  0.006
K         0.009     0.774          0.009            0.027        0.016 0.052      0.003            0.062  0.048
Ca        0.035     0.004          0.011            0.001        0.043 0.097      0.042            0.001  0.767
Ti        0.055     0.006          0.046            0.042        0.049 0.637      0.049            0.062  0.054
V         0.114     0.019          0.106            0.161        0.114 0.075      0.069            0.137  0.206
Cr        0.062     0.038          0.256            0.047        0.057 0.036      0.397            0.054  0.053
Mn        0.047     0.020          0.054            0.093        0.123 0.003      0.594            0.019  0.047
Fe        0.013     0.006          0.013            0.058        0.034 0.076      0.690            0.007  0.103
Co        0.039     0.012          0.021            0.045        0.069 0.055      0.574            0.030  0.155
Ni        0.123     0.016          0.119            0.134        0.056 0.026      0.287            0.151  0.088
Cu        0.018     0.035          0.943            0.000        0.001 0.001      0.002            0.000  0.000
Zn        0.052     0.012          0.041            0.068        0.813 0.006      0.003            0.003  0.002
Ga        0.121     0.018          0.114            0.115        0.085 0.070      0.127            0.173  0.177
As        0.079     0.001          0.286            0.158        0.147 0.005      0.012            0.061  0.253
Se        0.001     0.000          0.002            0.581        0.001 0.001      0.192            0.178  0.044
Br        0.000     0.000          0.030            0.241        0.018 0.028      0.001            0.297  0.385
Rb        0.169     0.073          0.052            0.196        0.080 0.161      0.085            0.119  0.065
Sr        0.001     0.906          0.003            0.002        0.002 0.034      0.048            0.001  0.003
Y         0.030     0.018          0.060            0.308        0.078 0.108      0.071            0.175  0.151
Zr        0.047     0.092          0.057            0.128        0.067 0.089      0.223            0.078  0.219
Mo        0.056     0.016          0.144            0.106        0.140 0.052      0.114            0.180  0.192
Pd        0.039     0.009          0.079            0.220        0.088 0.043      0.136            0.213  0.173
Ag        0.123     0.026          0.221            0.097        0.071 0.041      0.100            0.176  0.146
Cd        0.659     0.004          0.007            0.062        0.172 0.061      0.007            0.017  0.010
In        0.043     0.010          0.072            0.238        0.145 0.053      0.089            0.203  0.147
Sn        0.245     0.012          0.129            0.197        0.072 0.014      0.109            0.089  0.133
Sb        0.132     0.131          0.051            0.125        0.049 0.026      0.194            0.200  0.093
Ba        0.005     0.381          0.006            0.122        0.005 0.004      0.378            0.064  0.035
La        0.038     0.009          0.043            0.276        0.099 0.079      0.119            0.164  0.174
Au        0.108     0.022          0.093            0.119        0.138 0.069      0.145            0.160  0.145
Hg        0.066     0.005          0.017            0.016        0.153 0.029      0.043            0.331  0.339
Tl        0.617     0.025          0.082            0.127        0.017 0.023      0.034            0.036  0.039
Pb        0.837     0.027          0.033            0.065        0.005 0.010      0.005            0.012  0.006
U         0.063     0.017          0.088            0.250        0.091 0.067      0.122            0.155  0.148
OC        0.012     0.008          0.032            0.256        0.053 0.014      0.091            0.139  0.395
EC        0.048     0.006          0.007            0.033        0.038 0.001      0.216            0.166  0.485
SO        0.002     0.002          0.002            0.890        0.000 0.025      0.020            0.042  0.016
NO        0.001     0.001          0.000            0.068        0.001 0.003      0.002            0.923  0.001
>